
---------boston_input data informations----------

boston_input data shape: (506, 14)
boston_input data dtypes: neighborhood     object
crim            float64
zn              float64
indus           float64
chas              int64
nox             float64
rooms           float64
age             float64
dis             float64
rad               int64
tax               int64
ptratio         float64
lstat           float64
mv              float64
dtype: object
boston_input data column values: ['neighborhood' 'crim' 'zn' 'indus' 'chas' 'nox' 'rooms' 'age' 'dis' 'rad'
 'tax' 'ptratio' 'lstat' 'mv']
boston_input data first few rows:   neighborhood     crim    zn  indus  chas    nox  rooms   age     dis  rad  \
0       Nahant  0.00632  18.0   2.31     0  0.538  6.575  65.2  4.0900    1   
1   Swampscott  0.02731   0.0   7.07     0  0.469  6.421  78.9  4.9671    2   
2   Swanpscott  0.02729   0.0   7.07     0  0.469  7.185  61.1  4.9671    2   
3   Marblehead  0.03237   0.0   2.18     0  0.458  6.998  45.8  6.0622    3   
4   Marblehead  0.06905   0.0   2.18     0  0.458  7.147  54.2  6.0622    3   

   tax  ptratio  lstat    mv  
0  296     15.3   4.98  24.0  
1  242     17.8   9.14  21.6  
2  242     17.8   4.03  34.7  
3  222     18.7   2.94  33.4  
4  222     18.7   5.33  36.2  
boston_input data look at end of data:     neighborhood     crim   zn  indus  chas    nox  rooms   age     dis  rad  \
501     Winthrop  0.06263  0.0  11.93     0  0.573  6.593  69.1  2.4786    1   
502     Winthrop  0.04527  0.0  11.93     0  0.573  6.120  76.7  2.2875    1   
503     Winthrop  0.06076  0.0  11.93     0  0.573  6.976  91.0  2.1675    1   
504     Winthrop  0.10959  0.0  11.93     0  0.573  6.794  89.3  2.3889    1   
505     Winthrop  0.04741  0.0  11.93     0  0.573  6.030  80.8  2.5050    1   

     tax  ptratio  lstat    mv  
501  273     21.0   9.67  22.4  
502  273     21.0   9.08  20.6  
503  273     21.0   5.64  23.9  
504  273     21.0   6.48  22.0  
505  273     21.0   7.88  19.0  
boston_input data descriptive statistics:              crim          zn       indus        chas         nox       rooms  \
count  506.000000  506.000000  506.000000  506.000000  506.000000  506.000000   
mean     3.613524   11.363636   11.136779    0.069170    0.554695    6.284634   
std      8.601545   23.322453    6.860353    0.253994    0.115878    0.702617   
min      0.006320    0.000000    0.460000    0.000000    0.385000    3.561000   
25%      0.082045    0.000000    5.190000    0.000000    0.449000    5.885500   
50%      0.256510    0.000000    9.690000    0.000000    0.538000    6.208500   
75%      3.677082   12.500000   18.100000    0.000000    0.624000    6.623500   
max     88.976200  100.000000   27.740000    1.000000    0.871000    8.780000   

              age         dis         rad         tax     ptratio       lstat  \
count  506.000000  506.000000  506.000000  506.000000  506.000000  506.000000   
mean    68.574901    3.795043    9.549407  408.237154   18.455534   12.653063   
std     28.148861    2.105710    8.707259  168.537116    2.164946    7.141062   
min      2.900000    1.129600    1.000000  187.000000   12.600000    1.730000   
25%     45.025000    2.100175    4.000000  279.000000   17.400000    6.950000   
50%     77.500000    3.207450    5.000000  330.000000   19.050000   11.360000   
75%     94.075000    5.188425   24.000000  666.000000   20.200000   16.955000   
max    100.000000   12.126500   24.000000  711.000000   22.000000   37.970000   

               mv  
count  506.000000  
mean    22.528854  
std      9.182176  
min      5.000000  
25%     17.025000  
50%     21.200000  
75%     25.000000  
max     50.000000  
boston_input data information: None
boston_input data numerical correlation:              crim        zn     indus      chas       nox     rooms       age  \
crim     1.000000 -0.200469  0.406583 -0.055892  0.420972 -0.219247  0.352734   
zn      -0.200469  1.000000 -0.533828 -0.042697 -0.516604  0.311991 -0.569537   
indus    0.406583 -0.533828  1.000000  0.062938  0.763651 -0.391676  0.644779   
chas    -0.055892 -0.042697  0.062938  1.000000  0.091203  0.091251  0.086518   
nox      0.420972 -0.516604  0.763651  0.091203  1.000000 -0.302188  0.731470   
rooms   -0.219247  0.311991 -0.391676  0.091251 -0.302188  1.000000 -0.240265   
age      0.352734 -0.569537  0.644779  0.086518  0.731470 -0.240265  1.000000   
dis     -0.379670  0.664408 -0.708027 -0.099176 -0.769230  0.205246 -0.747881   
rad      0.625505 -0.311948  0.595129 -0.007368  0.611441 -0.209847  0.456022   
tax      0.582764 -0.314563  0.720760 -0.035587  0.668023 -0.292048  0.506456   
ptratio  0.289946 -0.391679  0.383248 -0.121515  0.188933 -0.355501  0.261515   
lstat    0.455621 -0.412995  0.603800 -0.053929  0.590879 -0.613808  0.602339   
mv      -0.389582  0.360386 -0.484754  0.175663 -0.429300  0.696304 -0.377999   

              dis       rad       tax   ptratio     lstat        mv  
crim    -0.379670  0.625505  0.582764  0.289946  0.455621 -0.389582  
zn       0.664408 -0.311948 -0.314563 -0.391679 -0.412995  0.360386  
indus   -0.708027  0.595129  0.720760  0.383248  0.603800 -0.484754  
chas    -0.099176 -0.007368 -0.035587 -0.121515 -0.053929  0.175663  
nox     -0.769230  0.611441  0.668023  0.188933  0.590879 -0.429300  
rooms    0.205246 -0.209847 -0.292048 -0.355501 -0.613808  0.696304  
age     -0.747881  0.456022  0.506456  0.261515  0.602339 -0.377999  
dis      1.000000 -0.494588 -0.534432 -0.232471 -0.496996  0.249315  
rad     -0.494588  1.000000  0.910228  0.464741  0.488676 -0.384766  
tax     -0.534432  0.910228  1.000000  0.460853  0.543993 -0.471979  
ptratio -0.232471  0.464741  0.460853  1.000000  0.374044 -0.505655  
lstat   -0.496996  0.488676  0.543993  0.374044  1.000000 -0.740836  
mv       0.249315 -0.384766 -0.471979 -0.505655 -0.740836  1.000000  